2b,Github 帳號,組別
40923136,,
40923140,4923140,6
40923149,40923149r,6
40923150,40923150,6
40923152,40923152,6
40923157,40923157,4
40971134,40971134,6
40971140,,
40971219,40971219,6
40971220,40971220,6
41023132,BX41023132,8
41039138,GUJIAFENG,8
41123201,Peichen1128,4
41123202,Yunjia822,5
41123203,S1u2a3n4,5
41123204,"warsplte",1
41123205,"41123205WANG-ZE-XIANG",7
41123206,kaoruSam,
41123207,41123207Andy,4
41123208,jas41123208,1
41123209,ds21137441,4
41123210,Liu16552,2
41123211,leekuchu006,1
41123212,41123212,3
41123213,Njniaaaa,5
41123214,41123214,2
41123215,YanNingxue,4
41123216,S41123216,1
41123217,12tony25,1
41123218,Cheennggg,1
41123219,asd1234554321,1
41123220,Changyou41123220,5
41123221,WENG-WEI-JUN,7
41123222,kao41123222,5
41123223,CHI-23,5
41123224,morant-4125252,2
41123226,41123226,9
41123227,tianmiaox,3
41123229,Zkamsmsmdmdm,9
41123230,41123230GUANSEN,7
41123231,YanhanChenn,2
41123232,41123232,3
41123233,zeng-wei-zhi,7
41123234,41123234,4
41123235,41123235,2
41123236,41123236,3
41123237,41123237-Hank,3
41123238,41123238,3
41123239,41123239yang,2
41123240,41123240,2
41123241,41123241,9
41123243,a0408258,9
41123244,halo2356141,7
41123245,Xuxia1118,7
41123246,,
41123247,tsai1201,7
41123248,BA930420,7
41123249,41123249,9
41123250,41123250,9
41123251,41123251,9
41132222,41132222,2
41136103,41136103,1
41136124,41136124,5
41136126,,
41136131,41136131,4
